[[
  [[ 39.928474   29.348177    4.321186 ]
   [ 41.51492    29.943096    8.287302 ]
   [ 43.101368   30.538013   12.253418 ]
   ...
   [ 94.42996    81.42996   107.21498  ]
   [ 92.         82.874374  105.612564 ]
   [ 91.23527    92.82365   103.47054  ]]

  [[ 47.         32.12554    22.46032  ]
   [ 47.         32.72046    24.641684 ]
   [ 47.         33.315376   26.823048 ]
   ...
   [ 95.17644    82.17644   107.58822  ]
   [ 92.         81.00819   105.79918  ]
   [ 91.608505   90.95746   104.21702  ]]

  [[ 47.         34.902905   32.64399  ]
   [ 47.16594    35.995647   33.       ]
   [ 47.364246   37.185482   33.       ]
   ...
   [ 95.92291    82.92291   107.96146  ]
   [ 92.         79.14199   105.9858   ]
   [ 91.98175    89.09126   104.96349  ]]
]]

   ======================================================================================================

[[
  [[-5.2650595  -3.171569   -4.0710044 ]
   [-5.2469535  -3.189675   -3.9080527 ]
   [-5.228848   -3.2077806  -3.7451015 ]
   ...
   [-1.2017252  -1.9927006  -2.0729926 ]
   [-1.0290118  -1.8199874  -2.1881347 ]
   [-1.0026543  -1.7936295  -2.2057064 ]]

  [[-5.183145   -3.2534835  -3.3337755 ]
   [-5.183145   -3.2534835  -3.3337755 ]
   [-5.183145   -3.2534835  -3.3337755 ]
   ...
   [-1.2017252  -1.9927006  -2.0729926 ]
   [-1.0613257  -1.852301   -2.1665924 ]
   [-1.0026543  -1.7936295  -2.2057064 ]]

  [[-5.183145   -3.285864   -3.3337755 ]
   [-5.183145   -3.2949169  -3.3337755 ]
   [-5.183145   -3.3039696  -3.3337755 ]
   ...
   [-1.2017252  -1.9927006  -2.0729926 ]
   [-1.093639   -1.8846145  -2.14505   ]
   [-1.0026543  -1.7936295  -2.2057064 ]]
]]

   ============================================================================================================
[[
    [[0.597446   0.43137258 0.36038888]
   [0.59959936 0.43137258 0.36182442]
   [0.6011553  0.4307751  0.32773846]
   ...
   [0.48341644 0.39045534 0.31787306]
   [0.5458783  0.45867994 0.36312506]
   [0.56852937 0.5058824  0.41448176]]

  [[0.57314044 0.37432325 0.23959468]
   [0.5752219  0.38059133 0.2522992 ]
   [0.5715435  0.37225568 0.21665722]
   ...
   [0.49321392 0.3979014  0.32140014]
   [0.5482297  0.466126   0.3701792 ]
   [0.5712726  0.5058824  0.41683313]]

  [[0.7368647  0.26512003 0.09300904]
   [0.71899444 0.2784535  0.09953103]
   [0.7027033  0.30661938 0.06109359]
   ...
   [0.50301135 0.40534747 0.32492724]
   [0.55058104 0.47357205 0.37723336]
   [0.5740159  0.5058824  0.4191845 ]]

]]


   ===============================================================================================
   [[[[ 3.9581816   5.0946865   4.892419  ]
   [ 3.9619396   5.0946865   4.8773885 ]
   [ 3.9656975   5.0946865   4.8623576 ]
   ...
   [ 6.7253795   8.297249    8.856062  ]
   [ 6.7752805   8.34715     8.955865  ]
   [ 6.8841467   8.362607    8.986779  ]]

  [[ 3.963825    5.070258    5.016418  ]
   [ 3.956311    5.074016    5.023933  ]
   [ 3.948795    5.077773    5.0314484 ]
   ...
   [ 6.7253795   8.297249    8.856062  ]
   [ 6.7794657   8.351335    8.964236  ]
   [ 6.892517    8.362607    8.986779  ]]

  [[ 4.0189714   5.002615    4.9345584 ]
   [ 4.0227294   5.006373    4.9345584 ]
   [ 4.0264874   5.010131    4.9345584 ]
   ...
   [ 6.7253795   8.297249    8.856062  ]
   [ 6.783651    8.35552     8.972607  ]
   [ 6.9008875   8.362607    8.986779  ]]
]]